1 29.87 0       0       154250
1 29.73 0       0       153743
1 29.70 0       0       153740
1 40.94 0       0       155943
1 41.32 0       0       154247
2 16.63 0       0       153737
2 18.68 0       0       153770
2 17.63 0       0       153735
2 18.62 0       0       153752
2 18.83 0       0       154252
3 15.67 0       0       154144
3 14.98 0       0       155527
3 14.71 0       0       156644
3 15.19 0       0       159599
3 15.20 0       0       159701
4 15.44 0       0       159472
4 16.01 0       0       159707
4 14.59 0       0       157335
4 15.31 0       0       159202
